{
  "advancedEditorSelectedIdentifier" : "ProjectBrowser",
  "openSceneRelativePaths" : [
    "Immersive.usda",
    "Scene.usda"
  ],
  "recentIdentifiers" : {
    "1D572CEB-057A-41C3-B575-04C37501A3C0" : [

    ],
    "D66134B1-3681-4A8E-AFE5-29F257229F3B" : [

    ]
  },
  "sceneCameraHistory" : {
    "1D572CEB-057A-41C3-B575-04C37501A3C0" : [
      {
        "date" : 782668534.607932,
        "title" : "Untitled",
        "transform" : [
          0.9991534,
          3.5588765e-09,
          -0.04114134,
          0,
          -0.029091315,
          0.7071068,
          -0.70650804,
          0,
          0.029091321,
          0.70710677,
          0.7065082,
          0,
          -0.3492737,
          39.325905,
          39.21068,
          1
        ]
      },
      {
        "date" : 782668532.334626,
        "title" : "Untitled",
        "transform" : [
          0.9991534,
          3.5588765e-09,
          -0.04114134,
          0,
          -0.029091315,
          0.7071068,
          -0.70650804,
          0,
          0.029091321,
          0.70710677,
          0.7065082,
          0,
          -0.8876133,
          99.93938,
          99.646545,
          1
        ]
      },
      {
        "date" : 782667835.487748,
        "title" : "Untitled",
        "transform" : [
          0.9991533,
          0,
          -0.04114134,
          0,
          -0.029091317,
          0.7071068,
          -0.7065081,
          0,
          0.029091323,
          0.7071067,
          0.7065082,
          0,
          18.889612,
          102.08023,
          111.63458,
          1
        ]
      },
      {
        "date" : 782667828.004166,
        "title" : "Untitled",
        "transform" : [
          0.9999867,
          0,
          -0.005157448,
          0,
          -0.0036468662,
          0.7071068,
          -0.70709735,
          0,
          0.0036468667,
          0.7071067,
          0.7070975,
          0,
          -3.9263937,
          97.395355,
          124.24114,
          1
        ]
      },
      {
        "date" : 782667824.895305,
        "title" : "Untitled",
        "transform" : [
          1,
          0,
          0,
          0,
          0,
          0.7071069,
          -0.70710677,
          0,
          0,
          0.70710677,
          0.7071069,
          0,
          -4.567108,
          97.39534,
          124.21923,
          1
        ]
      },
      {
        "date" : 782664505.583075,
        "title" : "Untitled",
        "transform" : [
          1,
          0,
          0,
          0,
          0,
          0.7071069,
          -0.70710677,
          0,
          0,
          0.70710677,
          0.7071069,
          0,
          -4.567108,
          97.39535,
          124.21924,
          1
        ]
      },
      {
        "date" : 782664486.710213,
        "title" : "Untitled",
        "transform" : [
          1,
          0,
          0,
          0,
          0,
          0.7071069,
          -0.70710677,
          0,
          0,
          0.70710677,
          0.7071069,
          0,
          -3.942398,
          95.87214,
          125.74242,
          1
        ]
      },
      {
        "date" : 782664474.110706,
        "title" : "Untitled",
        "transform" : [
          1,
          0,
          0,
          0,
          0,
          0.7071069,
          -0.70710677,
          0,
          0,
          0.70710677,
          0.7071069,
          0,
          0,
          110.80728,
          110.80728,
          1
        ]
      },
      {
        "date" : 782664472.662407,
        "title" : "Untitled",
        "transform" : [
          1,
          0,
          0,
          0,
          0,
          0.7071069,
          -0.70710677,
          0,
          0,
          0.70710677,
          0.7071069,
          0,
          0,
          148.02176,
          148.02176,
          1
        ]
      },
      {
        "date" : 782575772.555189,
        "title" : "Untitled",
        "transform" : [
          1,
          0,
          0,
          0,
          0,
          0.7071069,
          -0.70710677,
          0,
          0,
          0.70710677,
          0.7071069,
          0,
          0,
          107.304,
          107.304,
          1
        ]
      }
    ],
    "D66134B1-3681-4A8E-AFE5-29F257229F3B" : [
      {
        "date" : 782667871.580187,
        "title" : "Untitled",
        "transform" : [
          0.99999857,
          6.181e-12,
          -0.0016632072,
          0,
          -0.0011760651,
          0.7071068,
          -0.70710576,
          0,
          0.0011760652,
          0.7071067,
          0.7071058,
          0,
          0.091706395,
          62.436836,
          62.458923,
          1
        ]
      },
      {
        "date" : 782667868.557474,
        "title" : "Untitled",
        "transform" : [
          0.99999857,
          6.181e-12,
          -0.0016632072,
          0,
          -0.0011760651,
          0.7071068,
          -0.70710576,
          0,
          0.0011760652,
          0.7071067,
          0.7071058,
          0,
          0.00610849,
          4.158868,
          4.1603394,
          1
        ]
      },
      {
        "date" : 782667856.00345,
        "title" : "Untitled",
        "transform" : [
          0.99999857,
          6.181e-12,
          -0.0016632072,
          0,
          -0.0011760651,
          0.7071068,
          -0.70710576,
          0,
          0.0011760652,
          0.7071067,
          0.7071058,
          0,
          0.0005772381,
          0.39300334,
          0.3931424,
          1
        ]
      },
      {
        "date" : 782667839.02254,
        "title" : "Untitled",
        "transform" : [
          0.9999986,
          0,
          -0.0016632072,
          0,
          -0.0011760651,
          0.7071069,
          -0.7071058,
          0,
          0.0011760653,
          0.70710677,
          0.70710593,
          0,
          0.00045759536,
          0.27512828,
          0.27512792,
          1
        ]
      },
      {
        "date" : 782667801.197954,
        "title" : "Untitled",
        "transform" : [
          1,
          0,
          0,
          0,
          0,
          0.7071069,
          -0.70710677,
          0,
          0,
          0.70710677,
          0.7071069,
          0,
          0,
          0.4072507,
          0.40725073,
          1
        ]
      }
    ]
  },
  "sceneViewportBackgroundColors" : {

  },
  "selectedSceneRelativePath" : "Scene.usda"
}